682
230
674
389
205
900
919
346
490
260
948
360
285
185
669
543
741
62
112
985
665
217
237
549
370
794
144
697
891
509
552
400
176
786
209
906
254
935
453
341
174
211
405
46
136
675
903
706
137
466
720
206
467
567
911
5
274
899
172
898
835
399
936
23
98
555
497
82
47
437
109
224
63
691
309
18
569
833
712
195
139
474
897
653
581
106
688
456
96
372
950
6
426
429
589
837
852
681
215
234
565
225
566
812
57
74
931
521
276
784
53
605
863
731
859
151
780
888
218
708
916
871
821
363
450
510
505
328
847
140
461
615
937
771
240
520
558
819
704
658
996
538
434
517
902
385
742
813
814
460
598
416
678
97
728
65
578
887
430
322
817
890
609
214
54
476
85
365
148
263
454
101
945
146
901
127
446
727
502
72
695
330
940
105
853
12
738
306
756
90
4
851
905
15
855
696
528
575
471
396
643
411
273
685
16
537
944
45
22
816
787
38
423
506
315
926
717
268
383
180
487
830
143
722
212
161
628
404
199
280
458
573
231
563
73
556
518
443
359
448
357
860
165
353
484
917
381
281
893
848
544
635
305
789
651
719
994
388
924
969
761
634
757
310
113
213
679
734
536
868
907
850
630
126
759
918
583
350
590
874
540
52
311
764
808
620
580
943
923
133
449
314
469
55
483
312
597
929
790
687
576
820
187
864
849
496
87
333
928
413
89
882
711
873
650
752
670
840
676
610
222
107
656
374
111
763
559
912
403
331
781
725
119
37
822
618
279
588
219
602
495
735
967
149
646
652
702
585
880
531
431
412
32
895
884
524
699
94
736
184
604
975
986
401
66
417
129
807
168
41
547
621
387
56
844
818
291
866
941
327
659
362
881
88
470
455
135
398
825
694
324
823
354
865
777
883
637
244
452
249
647
58
746
465
834
507
522
19
251
192
838
270
512
386
684
946
369
956
228
611
560
409
464
445
7
264
84
548
633
138
247
110
626
513
753
693
842
551
775
40
367
587
336
645
24
700
594
289
564
690
318
323
802
175
546
419
640
252
987
960
920
1
114
344
641
949
596
283
754
995
657
977
232
390
600
193
319
338
886
201
862
326
749
664
582
758
957
43
508
410
142
391
415
824
861
955
99
44
1000
295
577
79
914
810
433
608
81
534
378
692
345
223
718
747
475
157
427
803
420
811
952
979
473
716
745
492
894
159
267
125
489
115
991
160
299
265
20
750
117
134
586
963
348
8
188
48
841
515
167
721
799
34
282
503
591
414
290
104
76
768
627
726
479
592
298
624
235
701
86
436
441
203
207
402
601
317
425
854
713
779
162
740
836
649
636
343
334
78
316
481
778
366
33
435
680
246
579
793
980
154
997
990
553
95
238
921
606
158
486
599
59
629
523
989
723
64
896
340
493
70
229
672
124
9
661
984
622
762
373
755
269
408
947
197
533
377
457
325
418
262
275
163
428
220
35
177
439
256
511
253
424
660
962
671
170
561
189
480
961
856
953
827
562
261
732
530
482
468
514
607
858
925
208
804
171
668
910
364
550
31
879
307
942
782
584
394
342
667
69
545
968
71
27
603
131
440
335
966
491
122
532
542
459
519
568
178
304
933
959
356
77
102
616
332
130
226
245
375
751
303
156
210
981
619
67
147
870
42
525
183
432
972
376
999
958
831
623
774
927
49
829
843
922
662
965
462
155
227
26
806
30
795
150
796
292
61
145
983
329
284
785
28
17
988
698
179
689
539
705
617
2
407
83
202
877
770
191
846
857
666
463
769
765
239
116
368
132
296
710
642
384
832
992
663
352
250
930
535
166
302
744
554
120
613
241
954
277
91
39
313
321
964
351
743
488
258
951
243
75
876
272
638
13
909
772
152
190
570
976
123
974
293
797
194
442
500
382
572
938
526
993
934
25
867
494
798
153
805
574
108
266
339
845
595
885
51
541
889
973
320
760
766
529
11
639
236
878
259
10
826
485
792
198
998
809
287
14
92
654
908
204
286
297
504
451
406
80
872
593
614
904
169
499
393
294
444
182
380
915
60
791
164
709
632
733
29
371
644
216
501
783
233
686
347
271
913
447
571
395
683
516
257
392
421
739
186
255
100
173
892
477
815
361
397
50
655
288
118
36
121
21
612
839
970
196
788
707
472
773
737
800
527
422
869
703
301
242
3
982
971
93
631
308
478
498
68
103
141
776
801
355
730
978
200
349
248
724
625
767
748
673
715
677
939
300
714
358
828
278
128
379
181
557
729
438
648
875
337
932
221
